
# Target Sample Rate: 500 Hz
time,gFx,gFy,gFz,TgF
0.001070,-0.0481,0.0198,1.0373,1.04
0.017974,-0.0484,0.0193,1.0351,1.04
0.038856,-0.0428,0.0198,1.0246,1.03
0.043147,-0.0354,0.0122,1.0134,1.01
0.043226,-0.0344,0.0107,1.0112,1.01
0.046246,-0.0344,0.0081,1.0051,1.01
0.049328,-0.0330,0.0076,1.0026,1.00
0.049419,-0.0320,0.0066,1.0004,1.00
0.053723,-0.0308,0.0061,0.9943,0.99
0.062642,-0.0300,0.0071,0.9909,0.99
0.065692,-0.0274,0.0105,0.9682,0.97
0.066703,-0.0271,0.0110,0.9645,0.96
0.069818,-0.0257,0.0125,0.9594,0.96
0.081804,-0.0237,0.0142,0.9552,0.96
0.089380,-0.0125,0.0203,0.9452,0.95
0.101515,-0.0081,0.0227,0.9440,0.94
0.121032,0.0056,0.0247,0.9477,0.95
0.141251,-0.0039,0.0188,0.9584,0.96
0.160923,-0.0117,0.0200,0.9858,0.99
0.180007,-0.0144,0.0225,1.0114,1.01
0.200512,-0.0103,0.0257,1.0276,1.03
0.221280,-0.0127,0.0327,1.0185,1.02
0.242559,-0.0117,0.0330,0.9990,1.00
0.244709,-0.0098,0.0235,0.9948,1.00
0.262725,-0.0093,0.0232,0.9953,1.00
0.282360,-0.0151,0.0235,0.9951,1.00
0.301239,-0.0220,0.0237,0.9914,0.99
0.321102,-0.0090,0.0215,0.9909,0.99
0.340422,-0.0107,0.0176,0.9955,1.00
0.360107,-0.0107,0.0195,0.9933,0.99
0.379193,-0.0288,0.0213,0.9999,1.00
0.398371,-0.0217,0.0203,0.9975,1.00
0.417398,-0.0093,0.0188,0.9985,1.00
0.436608,-0.0010,0.0217,0.9985,1.00
0.442714,-0.0022,0.0230,0.9970,1.00
0.444719,-0.0049,0.0247,0.9963,1.00
0.448297,-0.0061,0.0222,0.9955,1.00
0.449573,-0.0064,0.0217,0.9948,1.00
0.452316,-0.0066,0.0210,0.9936,0.99
0.453616,-0.0076,0.0203,0.9931,0.99
0.462187,-0.0086,0.0200,0.9931,0.99
0.464870,-0.0071,0.0186,0.9936,0.99
0.466748,-0.0059,0.0183,0.9941,0.99
0.469176,-0.0054,0.0195,0.9938,0.99
0.482024,-0.0056,0.0198,0.9936,0.99
0.485552,-0.0049,0.0161,0.9929,0.99
0.502968,-0.0044,0.0164,0.9921,0.99
0.507161,0.0002,0.0200,0.9890,0.99
0.508000,-0.0002,0.0203,0.9909,0.99
0.512337,-0.0007,0.0200,0.9916,0.99
0.512414,-0.0012,0.0205,0.9921,0.99
0.514544,-0.0027,0.0217,0.9936,0.99
0.515442,-0.0034,0.0217,0.9951,1.00
0.518596,-0.0044,0.0220,0.9955,1.00
0.519760,-0.0046,0.0222,0.9963,1.00
0.526224,-0.0044,0.0230,0.9977,1.00
0.530473,-0.0056,0.0271,1.0017,1.00
0.532084,-0.0054,0.0274,1.0017,1.00
0.534653,-0.0054,0.0274,1.0017,1.00
0.536146,-0.0059,0.0269,1.0031,1.00
0.546166,-0.0064,0.0271,1.0046,1.00
0.548449,-0.0107,0.0279,1.0061,1.01
0.551317,-0.0120,0.0276,1.0073,1.01
0.552606,-0.0125,0.0276,1.0063,1.01
0.571024,-0.0137,0.0279,1.0053,1.01
0.573233,-0.0203,0.0217,1.0017,1.00
0.576175,-0.0203,0.0215,1.0024,1.00
0.577556,-0.0213,0.0217,1.0034,1.00
0.580516,-0.0210,0.0215,1.0029,1.00
0.581386,-0.0213,0.0210,1.0026,1.00
0.584453,-0.0227,0.0208,1.0041,1.00
0.585742,-0.0222,0.0205,1.0043,1.00
0.596328,-0.0215,0.0205,1.0043,1.00
0.600808,-0.0225,0.0220,1.0036,1.00
0.601951,-0.0227,0.0225,1.0046,1.01
0.622173,-0.0230,0.0232,1.0048,1.01
0.626875,-0.0183,0.0247,0.9977,1.00
0.627169,-0.0173,0.0244,0.9977,1.00
0.630346,-0.0169,0.0252,0.9980,1.00
0.631522,-0.0154,0.0259,0.9975,1.00
0.634648,-0.0154,0.0259,0.9963,1.00
0.634740,-0.0149,0.0261,0.9968,1.00
0.645911,-0.0142,0.0261,0.9970,1.00
0.650654,-0.0095,0.0230,0.9975,1.00
0.651651,-0.0090,0.0230,0.9980,1.00
0.670155,-0.0083,0.0235,0.9975,1.00
0.674927,-0.0064,0.0254,0.9916,0.99
0.676273,-0.0066,0.0259,0.9912,0.99
0.679337,-0.0056,0.0257,0.9902,0.99
0.680345,-0.0056,0.0247,0.9894,0.99
0.683287,-0.0076,0.0237,0.9904,0.99
0.684318,-0.0095,0.0230,0.9904,0.99
0.695522,-0.0110,0.0222,0.9894,0.99
0.699295,-0.0115,0.0188,0.9843,0.98
0.700933,-0.0115,0.0171,0.9843,0.98
0.704290,-0.0105,0.0161,0.9841,0.98
0.720398,-0.0090,0.0154,0.9833,0.98
0.724521,0.0017,0.0093,0.9784,0.98
0.726008,0.0029,0.0088,0.9782,0.98
0.729793,0.0044,0.0098,0.9772,0.98
0.729958,0.0054,0.0103,0.9780,0.98
0.732957,0.0068,0.0105,0.9794,0.98
0.735174,0.0081,0.0103,0.9806,0.98
0.745976,0.0095,0.0103,0.9814,0.98
0.749270,0.0107,0.0129,0.9843,0.98
0.750496,0.0100,0.0139,0.9863,0.99
0.753105,0.0100,0.0147,0.9877,0.99
0.771969,0.0088,0.0151,0.9894,0.99
0.774158,-0.0020,0.0210,1.0024,1.00
0.777663,-0.0042,0.0222,1.0039,1.00
0.780110,-0.0059,0.0225,1.0036,1.00
0.782070,-0.0073,0.0232,1.0041,1.00
0.783786,-0.0086,0.0244,1.0048,1.01
0.786214,-0.0088,0.0254,1.0051,1.01
0.796134,-0.0093,0.0266,1.0048,1.01
0.798498,-0.0115,0.0300,1.0041,1.00
0.802960,-0.0129,0.0308,1.0046,1.01
0.820727,-0.0134,0.0305,1.0041,1.00
0.823385,-0.0120,0.0274,1.0073,1.01
0.827609,-0.0112,0.0259,1.0048,1.01
0.828422,-0.0110,0.0252,1.0039,1.00
0.831559,-0.0095,0.0242,1.0031,1.00
0.832526,-0.0083,0.0239,1.0036,1.00
0.835518,-0.0086,0.0237,1.0029,1.00
0.836919,-0.0088,0.0235,1.0024,1.00
0.845662,-0.0081,0.0230,1.0031,1.00
0.848891,-0.0078,0.0217,1.0019,1.00
0.852196,-0.0088,0.0210,1.0021,1.00
0.853246,-0.0088,0.0208,1.0019,1.00
0.869513,-0.0088,0.0215,1.0019,1.00
0.894365,-0.0093,0.0252,0.9975,1.00
0.897310,-0.0020,0.0227,1.0004,1.00
0.900978,-0.0029,0.0222,0.9992,1.00
0.902803,-0.0032,0.0225,0.9985,1.00
0.918648,-0.0046,0.0208,0.9980,1.00
0.946793,-0.0107,0.0166,0.9965,1.00
0.948262,-0.0073,0.0215,0.9899,0.99
0.951228,-0.0066,0.0217,0.9897,0.99
0.952636,-0.0061,0.0220,0.9907,0.99
0.969024,-0.0056,0.0222,0.9902,0.99
0.993634,0.0000,0.0293,0.9804,0.98
0.996236,0.0000,0.0217,0.9977,1.00
1.000038,-0.0012,0.0198,1.0014,1.00
1.001619,-0.0010,0.0203,1.0046,1.00
1.017306,-0.0005,0.0205,1.0068,1.01
1.042555,-0.0066,0.0208,1.0141,1.01
1.045608,-0.0112,0.0247,1.0122,1.01
1.046584,-0.0110,0.0244,1.0107,1.01
1.049787,-0.0107,0.0237,1.0097,1.01
1.050733,-0.0110,0.0230,1.0080,1.01
1.053818,-0.0103,0.0230,1.0063,1.01
1.066785,-0.0103,0.0232,1.0051,1.01
1.091480,-0.0066,0.0178,0.9960,1.00
1.096396,-0.0046,0.0198,0.9758,0.98
1.096497,-0.0027,0.0200,0.9740,0.97
1.099359,-0.0005,0.0208,0.9731,0.97
1.100030,0.0015,0.0220,0.9736,0.97
1.103123,0.0024,0.0217,0.9736,0.97
1.116086,0.0032,0.0217,0.9731,0.97
1.141823,0.0017,0.0222,0.9870,0.99
1.144085,-0.0073,0.0291,0.9880,0.99
1.149501,-0.0064,0.0266,0.9865,0.99
1.149671,-0.0056,0.0271,0.9870,0.99
1.152487,-0.0049,0.0266,0.9865,0.99
1.153725,-0.0032,0.0264,0.9855,0.99
1.168519,-0.0022,0.0257,0.9855,0.99
1.194078,0.0056,0.0191,0.9921,0.99
1.197650,0.0049,0.0166,1.0112,1.01
1.198757,0.0056,0.0181,1.0109,1.01
1.202141,0.0064,0.0188,1.0107,1.01
1.203363,0.0061,0.0183,1.0102,1.01
1.218011,0.0059,0.0188,1.0097,1.01
1.220003,0.0056,0.0230,1.0073,1.01
1.242920,0.0056,0.0235,1.0058,1.01
1.247123,-0.0081,0.0235,1.0061,1.01
1.248305,-0.0088,0.0237,1.0056,1.01
1.251326,-0.0093,0.0242,1.0051,1.01
1.252910,-0.0095,0.0239,1.0039,1.00
1.267432,-0.0093,0.0237,1.0034,1.00
1.294532,-0.0076,0.0215,1.0004,1.00
1.296769,0.0024,0.0279,0.9721,0.97
1.300806,-0.0122,0.0215,0.9760,0.98
1.301952,-0.0161,0.0200,0.9782,0.98
1.318164,-0.0186,0.0186,0.9824,0.98
1.342638,-0.0191,0.0105,1.0039,1.00
1.346259,0.0000,0.0239,0.9921,0.99
1.346940,-0.0010,0.0235,0.9912,0.99
1.350144,-0.0010,0.0227,0.9890,0.99
1.351126,-0.0015,0.0230,0.9880,0.99
1.354160,-0.0017,0.0227,0.9880,0.99
1.366335,-0.0017,0.0227,0.9885,0.99
1.368310,0.0007,0.0244,0.9909,0.99
1.391708,0.0007,0.0242,0.9921,0.99
1.394960,-0.0115,0.0215,1.0048,1.01
1.396287,-0.0107,0.0210,1.0053,1.01
1.399491,-0.0105,0.0210,1.0048,1.01
1.400711,-0.0100,0.0203,1.0039,1.00
1.403516,-0.0086,0.0210,1.0041,1.00
1.415286,-0.0068,0.0213,1.0036,1.00
1.417210,-0.0002,0.0200,0.9997,1.00
1.439710,-0.0002,0.0200,0.9999,1.00
1.441860,-0.0088,0.0195,1.0021,1.00
1.444630,-0.0095,0.0205,1.0034,1.00
1.445958,-0.0098,0.0210,1.0053,1.01
1.449274,-0.0100,0.0215,1.0048,1.01
1.450035,-0.0100,0.0210,1.0024,1.00
1.453158,-0.0100,0.0208,1.0019,1.00
1.454540,-0.0107,0.0205,1.0021,1.00
1.464414,-0.0107,0.0203,1.0009,1.00
1.466557,-0.0068,0.0198,0.9960,1.00
1.469590,-0.0056,0.0198,0.9943,0.99
1.490406,-0.0044,0.0198,0.9933,0.99
1.494517,-0.0002,0.0198,0.9860,0.99
1.495399,-0.0007,0.0198,0.9858,0.99
1.498592,-0.0015,0.0200,0.9858,0.99
1.499674,-0.0015,0.0200,0.9865,0.99
1.503543,-0.0020,0.0195,0.9890,0.99
1.504339,-0.0022,0.0193,0.9899,0.99
1.514260,-0.0027,0.0181,0.9899,0.99
1.518398,-0.0046,0.0213,0.9897,0.99
1.520068,-0.0051,0.0217,0.9899,0.99
1.538892,-0.0054,0.0220,0.9887,0.99
1.543470,-0.0088,0.0266,1.0004,1.00
1.544459,-0.0088,0.0254,1.0034,1.00
1.547670,-0.0083,0.0252,1.0041,1.00
1.548674,-0.0088,0.0257,1.0036,1.00
1.551905,-0.0095,0.0249,1.0036,1.00
1.553218,-0.0095,0.0244,1.0043,1.00
1.563372,-0.0090,0.0244,1.0058,1.01
1.568148,-0.0100,0.0244,1.0048,1.01
1.569169,-0.0103,0.0247,1.0048,1.01
1.587849,-0.0100,0.0239,1.0051,1.01
1.593003,-0.0039,0.0215,0.9982,1.00
1.594040,-0.0042,0.0215,0.9975,1.00
1.597400,-0.0032,0.0215,0.9970,1.00
1.598084,-0.0022,0.0210,0.9960,1.00
1.600962,-0.0022,0.0203,0.9958,1.00
1.602322,-0.0022,0.0205,0.9963,1.00
1.612345,-0.0027,0.0205,0.9958,1.00
1.614288,-0.0044,0.0198,0.9955,1.00
1.617614,-0.0044,0.0186,0.9965,1.00
1.618884,-0.0037,0.0188,0.9951,1.00
1.636972,-0.0024,0.0195,0.9936,0.99
1.639317,0.0027,0.0195,0.9846,0.98
1.642419,0.0024,0.0200,0.9841,0.98
1.645296,0.0022,0.0198,0.9841,0.98
1.646895,0.0024,0.0195,0.9855,0.99
1.647637,0.0032,0.0200,0.9858,0.99
1.650505,0.0027,0.0203,0.9850,0.99
1.651569,0.0017,0.0205,0.9863,0.99
1.665813,0.0005,0.0200,0.9892,0.99
1.668047,-0.0029,0.0210,0.9951,1.00
1.690767,-0.0032,0.0215,0.9960,1.00
1.692753,-0.0129,0.0242,1.0046,1.00
1.695774,-0.0134,0.0254,1.0048,1.01
1.696859,-0.0129,0.0264,1.0051,1.01
1.699884,-0.0132,0.0266,1.0048,1.01
1.701132,-0.0129,0.0271,1.0056,1.01
1.704123,-0.0129,0.0281,1.0053,1.01
1.714379,-0.0132,0.0291,1.0048,1.01
1.716455,-0.0166,0.0305,1.0012,1.00
1.739211,-0.0166,0.0305,0.9975,1.00
1.742057,-0.0024,0.0215,0.9828,0.98
1.745044,-0.0010,0.0200,0.9831,0.98
1.746234,0.0000,0.0188,0.9821,0.98
1.749410,0.0005,0.0186,0.9819,0.98
1.750363,0.0012,0.0178,0.9826,0.98
1.753421,0.0020,0.0159,0.9826,0.98
1.763270,0.0032,0.0149,0.9821,0.98
1.765397,0.0027,0.0122,0.9868,0.99
1.769505,0.0020,0.0127,0.9902,0.99
1.788559,0.0015,0.0129,0.9924,0.99
1.790586,-0.0049,0.0156,1.0090,1.01
1.794574,-0.0066,0.0147,1.0105,1.01
1.795800,-0.0078,0.0147,1.0112,1.01
1.799568,-0.0086,0.0159,1.0107,1.01
1.799691,-0.0093,0.0171,1.0109,1.01
1.803358,-0.0110,0.0171,1.0117,1.01
1.804333,-0.0117,0.0171,1.0105,1.01
1.818513,-0.0112,0.0186,1.0085,1.01
1.843798,-0.0125,0.0205,0.9977,1.00
1.848135,-0.0059,0.0134,0.9863,0.99
1.850667,-0.0066,0.0132,0.9868,0.99
1.852599,-0.0064,0.0129,0.9872,0.99
1.853257,-0.0066,0.0129,0.9875,0.99
1.867682,-0.0061,0.0127,0.9877,0.99
1.869642,-0.0088,0.0137,0.9885,0.99
1.892282,-0.0083,0.0137,0.9887,0.99
1.894425,-0.0103,0.0205,0.9990,1.00
1.897332,-0.0095,0.0208,1.0012,1.00
1.898483,-0.0088,0.0203,1.0036,1.00
1.901845,-0.0083,0.0208,1.0053,1.01
1.902509,-0.0086,0.0215,1.0068,1.01
1.916213,-0.0090,0.0220,1.0085,1.01
1.919477,-0.0134,0.0293,1.0161,1.02
1.941209,-0.0139,0.0296,1.0153,1.02
1.943358,-0.0183,0.0332,1.0058,1.01
1.946747,-0.0215,0.0318,1.0048,1.01
1.948174,-0.0213,0.0313,1.0036,1.00
1.950832,-0.0213,0.0303,1.0026,1.00
1.952226,-0.0225,0.0291,1.0021,1.00
1.965216,-0.0232,0.0279,1.0014,1.00
1.967567,-0.0208,0.0225,0.9929,0.99
1.990386,-0.0169,0.0186,0.9914,0.99
1.993032,0.0027,0.0066,0.9836,0.98
1.998239,0.0034,0.0068,0.9833,0.98
1.998428,0.0032,0.0068,0.9831,0.98
2.001501,0.0032,0.0066,0.9824,0.98
2.002192,0.0027,0.0066,0.9814,0.98
2.016658,0.0020,0.0073,0.9806,0.98
2.042092,-0.0027,0.0093,0.9828,0.98
2.045498,-0.0139,0.0064,0.9926,0.99
2.046558,-0.0147,0.0056,0.9933,0.99
2.049551,-0.0149,0.0046,0.9941,0.99
2.050657,-0.0154,0.0059,0.9941,0.99
2.053350,-0.0149,0.0068,0.9946,0.99
2.066350,-0.0137,0.0066,0.9951,1.00
2.092069,-0.0122,0.0188,0.9892,0.99
2.094697,-0.0166,0.0259,0.9894,0.99
2.101082,-0.0181,0.0249,0.9919,0.99
2.103171,-0.0183,0.0244,0.9946,1.00
2.115963,-0.0188,0.0244,0.9953,1.00
2.119629,-0.0188,0.0257,1.0031,1.00
2.140830,-0.0195,0.0259,1.0048,1.01
2.144379,-0.0247,0.0195,1.0056,1.01
2.146217,-0.0254,0.0193,1.0063,1.01
2.148352,-0.0257,0.0195,1.0078,1.01
2.150184,-0.0261,0.0188,1.0078,1.01
2.152294,-0.0271,0.0188,1.0073,1.01
2.165742,-0.0283,0.0188,1.0073,1.01
2.176743,-0.0286,0.0154,1.0056,1.01
2.193105,-0.0264,0.0178,1.0043,1.00
2.218547,-0.0215,0.0195,0.9953,1.00
2.243486,-0.0051,0.0181,0.9970,1.00
2.268064,-0.0066,0.0188,0.9995,1.00
2.294534,-0.0142,0.0164,1.0046,1.00
2.296613,-0.0105,0.0195,1.0041,1.00
2.300380,-0.0100,0.0205,1.0051,1.01
2.301780,-0.0098,0.0203,1.0056,1.01
2.318426,-0.0095,0.0203,1.0056,1.01
2.343690,-0.0198,0.0188,1.0004,1.00
2.345869,-0.0125,0.0147,0.9997,1.00
2.350186,-0.0129,0.0144,0.9992,1.00
2.351897,-0.0122,0.0149,0.9995,1.00
2.368347,-0.0105,0.0147,0.9987,1.00
2.396943,-0.0022,0.0154,0.9953,1.00
2.400543,-0.0137,0.0086,0.9890,0.99
2.400719,-0.0149,0.0086,0.9885,0.99
2.420599,-0.0156,0.0081,0.9885,0.99
2.446227,-0.0137,0.0068,0.9963,1.00
2.448945,-0.0073,0.0117,0.9965,1.00
2.453263,-0.0073,0.0132,0.9960,1.00
2.470814,-0.0066,0.0144,0.9951,1.00
2.473511,-0.0068,0.0181,1.0051,1.01
2.477675,-0.0088,0.0186,1.0068,1.01
2.478657,-0.0098,0.0188,1.0083,1.01
2.481755,-0.0098,0.0200,1.0100,1.01
2.482806,-0.0103,0.0208,1.0107,1.01
2.485834,-0.0110,0.0215,1.0100,1.01
2.487179,-0.0112,0.0222,1.0100,1.01
2.496521,-0.0115,0.0232,1.0097,1.01
2.499311,-0.0154,0.0222,1.0034,1.00
2.502320,-0.0159,0.0232,1.0012,1.00
2.521500,-0.0176,0.0237,0.9999,1.00
2.524181,-0.0083,0.0144,0.9907,0.99
2.527353,-0.0076,0.0132,0.9921,0.99
2.528248,-0.0059,0.0117,0.9929,0.99
2.531594,-0.0049,0.0103,0.9943,0.99
2.532207,-0.0059,0.0098,0.9955,1.00
2.535369,-0.0068,0.0093,0.9963,1.00
2.536373,-0.0071,0.0086,0.9975,1.00
2.546035,-0.0073,0.0090,0.9999,1.00
2.548937,-0.0129,0.0081,1.0039,1.00
2.552203,-0.0139,0.0073,1.0046,1.00
2.553288,-0.0151,0.0081,1.0051,1.01
2.571142,-0.0166,0.0090,1.0031,1.00
2.597651,-0.0200,0.0095,0.9921,0.99
2.602358,-0.0034,0.0020,0.9912,0.99
2.603635,-0.0024,0.0020,0.9919,0.99
2.622739,-0.0017,0.0020,0.9921,0.99
2.626646,-0.0027,0.0117,0.9872,0.99
2.626907,-0.0032,0.0129,0.9872,0.99
2.629839,-0.0042,0.0137,0.9865,0.99
2.631175,-0.0054,0.0134,0.9863,0.99
2.634546,-0.0071,0.0125,0.9870,0.99
2.635882,-0.0088,0.0110,0.9868,0.99
2.648055,-0.0095,0.0100,0.9880,0.99
2.650288,-0.0142,0.0134,1.0012,1.00
2.673812,-0.0159,0.0139,1.0024,1.00
2.676240,-0.0076,-0.0081,0.9914,0.99
2.679152,-0.0049,-0.0090,0.9907,0.99
2.680608,-0.0015,-0.0112,0.9902,0.99
2.683646,0.0017,-0.0134,0.9887,0.99
2.684623,0.0037,-0.0149,0.9868,0.99
2.698223,0.0042,-0.0169,0.9833,0.98
2.700852,-0.0090,-0.0542,0.9293,0.93
2.724215,-0.0105,-0.0635,0.9115,0.91
2.728552,-0.0330,-0.1156,0.7693,0.78
2.729882,-0.0276,-0.1143,0.7627,0.77
2.733134,-0.0178,-0.1190,0.7559,0.77
2.734805,0.0010,-0.1415,0.7476,0.76
2.737515,0.0320,-0.1881,0.7380,0.76
2.749940,0.0611,-0.2328,0.7173,0.76
2.753104,-0.0022,-0.2419,0.6086,0.65
2.777652,0.0376,-0.1891,0.6032,0.63
2.802016,0.1520,-0.0872,0.5585,0.59
2.828596,-0.0103,-0.0027,0.0508,0.05
2.832001,-0.0149,-0.0073,0.0672,0.07
2.833367,-0.0154,-0.0081,0.0557,0.06
2.835730,-0.0132,-0.0093,0.0447,0.05
2.837495,-0.0115,-0.0100,0.0342,0.04
2.852354,-0.0117,-0.0105,0.0249,0.03
2.878460,-0.0142,0.0024,0.1483,0.15
2.881897,-0.0203,-0.0134,0.0061,0.03
2.882995,-0.0198,-0.0134,0.0059,0.02
2.885630,-0.0200,-0.0142,0.0068,0.03
2.886789,-0.0203,-0.0139,0.0071,0.03
2.902468,-0.0203,-0.0137,0.0073,0.03
2.927074,-0.0203,-0.0122,0.0095,0.03
2.930281,-0.0200,-0.0117,0.0093,0.03
2.931441,-0.0193,-0.0122,0.0100,0.02
2.934269,-0.0198,-0.0117,0.0110,0.03
2.935450,-0.0195,-0.0112,0.0107,0.02
2.951204,-0.0186,-0.0112,0.0103,0.02
2.975797,-0.0195,-0.0117,0.0122,0.03
2.979833,-0.0193,-0.0103,0.0142,0.03
2.980982,-0.0188,-0.0098,0.0151,0.03
2.984170,-0.0176,-0.0103,0.0159,0.03
2.985234,-0.0178,-0.0105,0.0166,0.03
2.999913,-0.0176,-0.0015,-0.0181,0.03
3.001962,0.5724,2.6820,-3.0091,4.07
3.027431,0.6814,2.7086,-2.9854,4.09
3.029746,-3.7755,-2.8041,8.0052,9.28
3.033590,-4.9113,-0.7097,8.0052,9.42
3.034605,-4.4701,0.1500,8.0052,9.17
3.051615,-3.8434,0.7661,8.0052,8.91
3.076313,-0.8284,0.5575,3.4047,3.55
3.078718,0.0413,-0.4073,-0.3474,0.54
3.082408,0.0173,-0.2985,-0.3281,0.44
3.084304,0.0066,-0.2573,-0.3032,0.40
3.086650,0.0005,-0.2204,-0.2734,0.35
3.099804,-0.0051,-0.1869,-0.2455,0.31
3.104622,-0.0173,-0.0515,-0.0923,0.11
3.104728,-0.0137,-0.0362,-0.0677,0.08
3.124738,-0.0105,-0.0276,-0.0528,0.06
3.148791,0.0049,-0.0034,-0.0051,0.01
3.152538,-0.0044,-0.0142,-0.0291,0.03
3.173303,-0.0088,-0.0186,-0.0413,0.05
3.177173,-0.0484,-0.2433,-0.2905,0.38
3.178363,-0.0408,-0.2985,-0.2893,0.42
3.181272,-0.0354,-0.3560,-0.2724,0.45
3.182507,-0.0310,-0.4424,-0.2174,0.49
3.185559,-0.0308,-0.4950,-0.1571,0.52
3.186880,-0.0303,-0.5443,-0.0699,0.55
3.197694,-0.0327,-0.5924,0.0393,0.59
3.201933,-0.5192,-0.5023,1.2074,1.41
3.203857,-0.6579,-0.4026,1.5328,1.72
3.223962,-0.7376,-0.3491,1.8809,2.05
3.228573,-0.2643,0.2191,3.7215,3.74
3.228681,-0.1962,0.2113,3.4305,3.44
3.232416,-0.1466,0.1612,3.1015,3.11
3.233348,-0.1273,0.0738,2.7541,2.76
3.235848,-0.1236,-0.0362,2.4159,2.42
3.236852,-0.1153,-0.1493,2.1071,2.12
3.248300,-0.0982,-0.2533,1.8367,1.86
3.251676,-0.0117,-0.4202,0.8732,0.97
3.253285,-0.0122,-0.3875,0.7854,0.88
3.273417,-0.0178,-0.3533,0.7075,0.79
3.276458,-0.0305,-0.2294,0.3308,0.40
3.278059,-0.0335,-0.2326,0.3257,0.40
3.280815,-0.0340,-0.2360,0.3269,0.40
3.282029,-0.0305,-0.2367,0.3347,0.41
3.284850,-0.0225,-0.2343,0.3498,0.42
3.286841,-0.0132,-0.2279,0.3757,0.44
3.297848,-0.0066,-0.2187,0.4124,0.47
3.301129,-0.0376,-0.1305,0.8619,0.87
3.302098,-0.0450,-0.1180,0.9413,0.95
3.325692,-0.0525,-0.1048,1.0180,1.02
3.327185,-0.1339,-0.0181,1.3522,1.36
3.330299,-0.1297,-0.0193,1.2985,1.31
3.331226,-0.1219,-0.0222,1.2337,1.24
3.333722,-0.1141,-0.0269,1.1663,1.17
3.348626,-0.1033,-0.0369,1.0456,1.05
3.351354,-0.0801,-0.0388,0.8094,0.81
3.373679,-0.0784,-0.0432,0.7999,0.80
3.375983,-0.0662,-0.0894,1.0312,1.04
3.378996,-0.0679,-0.0958,1.0527,1.06
3.380100,-0.0704,-0.1019,1.0671,1.07
3.383115,-0.0718,-0.1090,1.0784,1.09
3.384219,-0.0728,-0.1131,1.0759,1.08
3.397404,-0.0733,-0.1165,1.0688,1.08
3.399647,-0.0743,-0.1434,0.9887,1.00
3.422402,-0.0762,-0.1456,0.9802,0.99
3.424427,-0.0928,-0.1185,0.9970,1.01
3.428466,-0.0960,-0.1121,0.9872,1.00
3.429507,-0.0963,-0.1087,0.9828,0.99
3.432477,-0.0955,-0.1060,0.9797,0.99
3.433643,-0.0941,-0.1024,0.9780,0.99
3.446564,-0.0926,-0.0985,0.9775,0.99
3.449468,-0.0799,-0.0828,0.9865,0.99
3.453254,-0.0757,-0.0833,0.9914,1.00
3.471840,-0.0743,-0.0828,0.9926,1.00
3.474333,-0.0630,-0.0965,0.9667,0.97
3.478398,-0.0650,-0.1021,0.9714,0.98
3.479560,-0.0674,-0.1051,0.9760,0.98
3.482136,-0.0713,-0.1068,0.9811,0.99
3.483514,-0.0752,-0.1077,0.9880,1.00
3.487730,-0.0784,-0.1097,0.9951,1.00
3.502499,-0.0821,-0.1109,1.0019,1.01
3.528160,-0.0914,-0.1160,0.9941,1.00
3.531806,-0.0784,-0.0977,0.9977,1.01
3.532803,-0.0770,-0.0960,0.9973,1.00
3.535623,-0.0760,-0.0943,0.9936,1.00
3.552161,-0.0740,-0.0941,0.9904,1.00
3.576579,-0.0696,-0.0945,0.9814,0.99
3.580556,-0.0880,-0.1090,0.9899,1.00
3.581980,-0.0887,-0.1094,0.9904,1.00
3.585283,-0.0897,-0.1104,0.9916,1.00
3.586103,-0.0899,-0.1109,0.9926,1.00
3.600394,-0.0894,-0.1107,0.9931,1.00
3.602479,-0.0823,-0.1075,0.9933,1.00
3.624801,-0.0804,-0.1070,0.9912,1.00
3.627108,-0.0738,-0.0953,0.9868,0.99
3.630399,-0.0738,-0.0953,0.9877,1.00
3.631337,-0.0740,-0.0948,0.9877,1.00
3.634290,-0.0750,-0.0948,0.9877,1.00
3.635428,-0.0760,-0.0948,0.9877,1.00
3.648305,-0.0765,-0.0953,0.9872,0.99
3.650789,-0.0826,-0.1016,0.9833,0.99
3.672894,-0.0843,-0.1026,0.9850,0.99
3.675292,-0.0816,-0.1112,0.9936,1.00
3.679907,-0.0806,-0.1107,0.9921,1.00
3.681037,-0.0789,-0.1097,0.9904,1.00
3.684122,-0.0782,-0.1092,0.9892,1.00
3.685237,-0.0784,-0.1080,0.9892,1.00
3.697488,-0.0784,-0.1065,0.9897,1.00
3.700364,-0.0772,-0.0997,0.9887,1.00
3.701583,-0.0777,-0.0997,0.9887,1.00
3.723635,-0.0774,-0.0992,0.9880,1.00
3.725627,-0.0814,-0.0980,0.9843,0.99
3.729151,-0.0816,-0.0997,0.9868,1.00
3.730328,-0.0826,-0.1007,0.9877,1.00
3.733159,-0.0828,-0.1016,0.9885,1.00
3.734133,-0.0821,-0.1026,0.9892,1.00
3.747522,-0.0823,-0.1033,0.9899,1.00
3.749920,-0.0809,-0.1077,0.9904,1.00
3.753910,-0.0799,-0.1087,0.9902,1.00
3.772233,-0.0792,-0.1087,0.9912,1.00
3.774247,-0.0787,-0.1038,0.9902,1.00
3.778618,-0.0794,-0.1024,0.9882,1.00
3.779526,-0.0801,-0.1004,0.9880,1.00
3.782248,-0.0806,-0.0994,0.9868,1.00
3.783692,-0.0811,-0.0989,0.9868,1.00
3.796046,-0.0811,-0.0989,0.9865,0.99
3.798971,-0.0809,-0.0985,0.9872,1.00
3.800418,-0.0809,-0.0989,0.9877,1.00
3.803350,-0.0809,-0.0987,0.9882,1.00
3.820630,-0.0814,-0.0989,0.9882,1.00
3.823533,-0.0792,-0.1060,0.9899,1.00
3.825045,-0.0794,-0.1063,0.9907,1.00
3.828068,-0.0801,-0.1068,0.9909,1.00
3.829716,-0.0801,-0.1070,0.9904,1.00
3.832363,-0.0792,-0.1073,0.9904,1.00
3.833060,-0.0787,-0.1075,0.9919,1.00
3.845954,-0.0787,-0.1075,0.9919,1.00
3.848654,-0.0801,-0.1048,0.9904,1.00
3.852563,-0.0799,-0.1046,0.9877,1.00
3.853862,-0.0806,-0.1036,0.9872,1.00
3.872523,-0.0811,-0.1024,0.9872,1.00
3.874847,-0.0806,-0.0994,0.9870,1.00
3.878589,-0.0804,-0.0989,0.9872,1.00
3.878677,-0.0806,-0.0992,0.9875,1.00
3.881731,-0.0801,-0.0997,0.9872,1.00
3.882476,-0.0799,-0.1002,0.9870,1.00
3.885545,-0.0794,-0.1007,0.9860,0.99
3.886498,-0.0792,-0.1016,0.9858,0.99
3.897067,-0.0789,-0.1024,0.9872,1.00
3.901804,-0.0792,-0.1060,0.9907,1.00
3.903539,-0.0789,-0.1060,0.9907,1.00
3.921697,-0.0789,-0.1060,0.9897,1.00
3.923739,-0.0814,-0.1051,0.9894,1.00
3.926547,-0.0821,-0.1043,0.9885,1.00
3.927709,-0.0818,-0.1036,0.9882,1.00
3.930833,-0.0816,-0.1038,0.9894,1.00
3.932465,-0.0814,-0.1046,0.9899,1.00
3.934978,-0.0811,-0.1036,0.9894,1.00
3.935994,-0.0814,-0.1031,0.9890,1.00
3.946177,-0.0809,-0.1026,0.9875,1.00
3.948296,-0.0799,-0.1016,0.9870,1.00
3.951215,-0.0789,-0.1011,0.9870,1.00
3.952637,-0.0784,-0.0999,0.9870,1.00
3.971312,-0.0792,-0.0994,0.9872,1.00
3.973363,-0.0782,-0.1019,0.9882,1.00
3.976430,-0.0787,-0.1019,0.9880,1.00
3.977498,-0.0794,-0.1029,0.9882,1.00
3.980343,-0.0801,-0.1036,0.9892,1.00
3.981450,-0.0806,-0.1038,0.9894,1.00
3.984922,-0.0809,-0.1046,0.9899,1.00
3.985920,-0.0809,-0.1053,0.9894,1.00
4.001556,-0.0811,-0.1046,0.9887,1.00
4.026483,-0.0814,-0.1051,0.9892,1.00
4.029103,-0.0792,-0.1009,0.9882,1.00
4.030445,-0.0779,-0.1014,0.9882,1.00
4.033432,-0.0777,-0.1021,0.9872,1.00
4.034552,-0.0784,-0.1021,0.9870,1.00
4.050234,-0.0782,-0.1007,0.9872,1.00
4.075415,-0.0804,-0.1029,0.9902,1.00
4.078822,-0.0821,-0.1051,0.9885,1.00
4.082776,-0.0821,-0.1048,0.9887,1.00
4.084298,-0.0811,-0.1046,0.9890,1.00
4.085398,-0.0809,-0.1038,0.9890,1.00
4.099035,-0.0809,-0.1031,0.9892,1.00
4.123873,-0.0787,-0.1024,0.9892,1.00
4.128577,-0.0794,-0.1007,0.9863,0.99
4.129819,-0.0794,-0.1007,0.9870,1.00
4.129965,-0.0801,-0.1009,0.9875,1.00
4.148156,-0.0799,-0.1021,0.9887,1.00
4.152582,-0.0814,-0.1043,0.9882,1.00
4.173500,-0.0814,-0.1036,0.9885,1.00
4.176014,-0.0806,-0.1026,0.9887,1.00
4.179282,-0.0806,-0.1026,0.9892,1.00
4.182114,-0.0796,-0.1036,0.9887,1.00
4.190336,-0.0801,-0.1036,0.9882,1.00
4.191539,-0.0799,-0.1026,0.9880,1.00
4.191637,-0.0789,-0.1029,0.9872,1.00
4.205084,-0.0789,-0.1026,0.9899,1.00
4.207351,-0.0809,-0.1021,0.9877,1.00
4.210465,-0.0814,-0.1029,0.9877,1.00
4.211718,-0.0804,-0.1029,0.9887,1.00
4.214610,-0.0801,-0.1026,0.9887,1.00
4.215826,-0.0804,-0.1036,0.9885,1.00
4.218883,-0.0809,-0.1033,0.9880,1.00
4.220121,-0.0814,-0.1029,0.9877,1.00
4.229402,-0.0811,-0.1024,0.9880,1.00
4.231413,-0.0799,-0.1043,0.9899,1.00
4.234975,-0.0806,-0.1046,0.9894,1.00
4.254392,-0.0809,-0.1041,0.9897,1.00
4.256973,-0.0796,-0.1026,0.9887,1.00
4.260241,-0.0799,-0.1026,0.9887,1.00
4.261286,-0.0806,-0.1026,0.9880,1.00
4.264438,-0.0806,-0.1026,0.9880,1.00
4.265413,-0.0794,-0.1021,0.9887,1.00
4.268503,-0.0794,-0.1014,0.9892,1.00
4.269974,-0.0799,-0.1011,0.9887,1.00
4.280443,-0.0796,-0.1014,0.9877,1.00
4.284970,-0.0801,-0.1014,0.9877,1.00
4.286319,-0.0804,-0.1014,0.9882,1.00
4.306454,-0.0806,-0.1019,0.9877,1.00
4.310260,-0.0806,-0.1043,0.9890,1.00
4.310614,-0.0804,-0.1046,0.9887,1.00
4.314843,-0.0804,-0.1041,0.9890,1.00
4.315085,-0.0799,-0.1036,0.9885,1.00
4.317551,-0.0794,-0.1033,0.9877,1.00
4.319281,-0.0796,-0.1036,0.9877,1.00
4.331887,-0.0799,-0.1038,0.9882,1.00
4.334509,-0.0804,-0.1033,0.9890,1.00
4.356616,-0.0792,-0.1029,0.9885,1.00
4.358801,-0.0804,-0.1024,0.9885,1.00
4.362832,-0.0799,-0.1016,0.9892,1.00
4.364413,-0.0796,-0.1021,0.9892,1.00
4.366993,-0.0801,-0.1021,0.9887,1.00
4.368161,-0.0801,-0.1021,0.9892,1.00
4.381193,-0.0799,-0.1026,0.9892,1.00
4.386234,-0.0801,-0.1031,0.9894,1.00
4.386538,-0.0796,-0.1024,0.9887,1.00
4.406184,-0.0799,-0.1021,0.9892,1.00
4.408445,-0.0801,-0.1029,0.9894,1.00
4.412828,-0.0796,-0.1031,0.9892,1.00
4.413772,-0.0806,-0.1029,0.9892,1.00
4.416503,-0.0801,-0.1029,0.9875,1.00
4.417478,-0.0806,-0.1024,0.9877,1.00
4.430304,-0.0809,-0.1031,0.9880,1.00
4.433103,-0.0799,-0.1021,0.9875,1.00
4.434495,-0.0801,-0.1026,0.9870,1.00
4.437335,-0.0804,-0.1029,0.9875,1.00
4.456004,-0.0806,-0.1031,0.9877,1.00
4.458791,-0.0801,-0.1026,0.9870,1.00
4.462916,-0.0799,-0.1036,0.9877,1.00
4.463711,-0.0801,-0.1036,0.9887,1.00
4.467746,-0.0804,-0.1033,0.9892,1.00
4.467955,-0.0799,-0.1036,0.9894,1.00
4.472731,-0.0799,-0.1029,0.9892,1.00
4.485376,-0.0799,-0.1041,0.9897,1.00
4.510421,-0.0794,-0.1036,0.9902,1.00
4.515433,-0.0794,-0.1021,0.9885,1.00
4.516435,-0.0799,-0.1021,0.9885,1.00
4.519754,-0.0804,-0.1019,0.9882,1.00
4.534763,-0.0809,-0.1014,0.9890,1.00
4.559361,-0.0799,-0.1031,0.9882,1.00
4.561673,-0.0799,-0.1026,0.9880,1.00
4.564361,-0.0801,-0.1031,0.9885,1.00
4.566063,-0.0799,-0.1029,0.9892,1.00
4.568894,-0.0801,-0.1031,0.9902,1.00
4.570373,-0.0799,-0.1031,0.9907,1.00
4.583983,-0.0792,-0.1036,0.9899,1.00
4.586501,-0.0806,-0.1026,0.9885,1.00
4.610397,-0.0811,-0.1031,0.9885,1.00
4.614248,-0.0804,-0.1029,0.9880,1.00
4.615194,-0.0809,-0.1031,0.9897,1.00
4.618255,-0.0809,-0.1029,0.9897,1.00
4.619277,-0.0801,-0.1026,0.9894,1.00
4.634693,-0.0799,-0.1024,0.9892,1.00
4.659295,-0.0801,-0.1036,0.9885,1.00
4.663335,-0.0796,-0.1033,0.9885,1.00
4.664836,-0.0801,-0.1026,0.9892,1.00
4.667796,-0.0806,-0.1019,0.9894,1.00
4.668925,-0.0804,-0.1024,0.9887,1.00
4.684015,-0.0799,-0.1026,0.9887,1.00
4.710904,-0.0801,-0.1029,0.9887,1.00
4.714169,-0.0821,-0.1033,0.9887,1.00
4.717237,-0.0806,-0.1024,0.9880,1.00
4.718416,-0.0792,-0.1019,0.9887,1.00
4.734966,-0.0792,-0.1019,0.9885,1.00
4.759867,-0.0809,-0.1024,0.9870,1.00
4.762495,-0.0804,-0.1031,0.9877,1.00
4.766401,-0.0794,-0.1033,0.9880,1.00
4.768004,-0.0799,-0.1033,0.9880,1.00
4.783546,-0.0799,-0.1031,0.9870,1.00
4.787162,-0.0804,-0.1031,0.9887,1.00
4.808484,-0.0809,-0.1026,0.9885,1.00
4.812035,-0.0796,-0.1031,0.9877,1.00
4.813236,-0.0801,-0.1036,0.9875,1.00
4.816075,-0.0801,-0.1038,0.9875,1.00
4.817446,-0.0804,-0.1031,0.9882,1.00
4.832789,-0.0809,-0.1029,0.9887,1.00
4.836700,-0.0809,-0.1026,0.9880,1.00
4.859078,-0.0806,-0.1026,0.9872,1.00
4.861292,-0.0796,-0.1031,0.9904,1.00
4.865303,-0.0792,-0.1031,0.9877,1.00
4.866466,-0.0799,-0.1033,0.9868,1.00
4.869263,-0.0804,-0.1031,0.9880,1.00
4.870336,-0.0806,-0.1031,0.9877,1.00
4.883091,-0.0804,-0.1026,0.9875,1.00
4.885962,-0.0792,-0.1016,0.9885,1.00
4.907459,-0.0796,-0.1019,0.9894,1.00
4.910480,-0.0804,-0.1031,0.9877,1.00
4.911869,-0.0806,-0.1026,0.9870,1.00
4.915082,-0.0804,-0.1021,0.9860,0.99
4.916213,-0.0801,-0.1024,0.9868,1.00
4.919074,-0.0796,-0.1026,0.9880,1.00
4.920007,-0.0794,-0.1029,0.9887,1.00
4.931612,-0.0809,-0.1038,0.9875,1.00
4.935318,-0.0804,-0.1031,0.9897,1.00
4.936788,-0.0806,-0.1036,0.9894,1.00
4.957482,-0.0796,-0.1031,0.9887,1.00
4.960219,-0.0806,-0.1024,0.9870,1.00
4.964156,-0.0794,-0.1036,0.9887,1.00
4.965594,-0.0796,-0.1024,0.9882,1.00
4.968633,-0.0796,-0.1019,0.9868,1.00
4.969547,-0.0796,-0.1021,0.9860,0.99
4.981511,-0.0801,-0.1024,0.9872,1.00
4.984822,-0.0799,-0.1033,0.9894,1.00
4.985745,-0.0801,-0.1026,0.9880,1.00
5.006762,-0.0799,-0.1019,0.9877,1.00
5.009535,-0.0799,-0.1029,0.9894,1.00
5.011130,-0.0806,-0.1024,0.9880,1.00
5.014196,-0.0801,-0.1026,0.9877,1.00
5.015166,-0.0801,-0.1024,0.9877,1.00
5.017467,-0.0799,-0.1026,0.9882,1.00
5.019150,-0.0796,-0.1029,0.9880,1.00
5.031210,-0.0799,-0.1031,0.9877,1.00
5.034460,-0.0801,-0.1021,0.9877,1.00
5.035358,-0.0799,-0.1031,0.9875,1.00
5.056191,-0.0799,-0.1036,0.9880,1.00
5.062055,-0.0801,-0.1036,0.9877,1.00
5.062157,-0.0794,-0.1029,0.9872,1.00
5.062224,-0.0796,-0.1029,0.9870,1.00
5.066829,-0.0799,-0.1024,0.9872,1.00
5.068013,-0.0804,-0.1021,0.9875,1.00
5.080328,-0.0811,-0.1029,0.9885,1.00
5.083434,-0.0801,-0.1031,0.9885,1.00
5.084511,-0.0809,-0.1026,0.9890,1.00
5.105505,-0.0811,-0.1026,0.9885,1.00
5.108093,-0.0796,-0.1031,0.9880,1.00
5.112238,-0.0809,-0.1024,0.9880,1.00
5.113489,-0.0809,-0.1021,0.9870,1.00
5.117739,-0.0804,-0.1021,0.9875,1.00
5.120985,-0.0799,-0.1036,0.9872,1.00
5.133387,-0.0801,-0.1038,0.9870,1.00
5.138221,-0.0801,-0.1031,0.9894,1.00
5.140038,-0.0801,-0.1026,0.9894,1.00
5.158641,-0.0799,-0.1031,0.9890,1.00
5.163555,-0.0796,-0.1031,0.9882,1.00
5.163716,-0.0796,-0.1026,0.9885,1.00
5.165986,-0.0801,-0.1038,0.9882,1.00
5.166718,-0.0801,-0.1043,0.9877,1.00
5.169784,-0.0799,-0.1038,0.9877,1.00
5.184471,-0.0801,-0.1038,0.9880,1.00
5.210789,-0.0796,-0.1046,0.9877,1.00
5.215336,-0.0799,-0.1024,0.9887,1.00
5.216340,-0.0801,-0.1026,0.9892,1.00
5.219271,-0.0806,-0.1029,0.9890,1.00
5.235882,-0.0806,-0.1031,0.9882,1.00
5.266933,-0.0799,-0.1031,0.9887,1.00
5.269114,-0.0804,-0.1036,0.9875,1.00
5.271730,-0.0799,-0.1038,0.9870,1.00
5.292980,-0.0799,-0.1038,0.9865,1.00
5.316957,-0.0796,-0.1024,0.9875,1.00
5.319813,-0.0792,-0.1038,0.9872,1.00
5.341287,-0.0796,-0.1036,0.9877,1.00
5.343762,-0.0796,-0.1026,0.9887,1.00
5.346508,-0.0804,-0.1033,0.9880,1.00
5.347895,-0.0806,-0.1033,0.9872,1.00
5.351036,-0.0801,-0.1036,0.9877,1.00
5.352360,-0.0799,-0.1036,0.9877,1.00
5.365533,-0.0806,-0.1036,0.9872,1.00
5.367606,-0.0801,-0.1043,0.9894,1.00
5.393265,-0.0789,-0.1031,0.9885,1.00
5.397021,-0.0801,-0.1031,0.9882,1.00
5.398020,-0.0801,-0.1029,0.9887,1.00
5.400684,-0.0799,-0.1029,0.9890,1.00
5.401518,-0.0796,-0.1031,0.9892,1.00
5.415959,-0.0801,-0.1031,0.9885,1.00
5.418083,-0.0806,-0.1031,0.9877,1.00
5.441275,-0.0794,-0.1029,0.9872,1.00
5.445617,-0.0801,-0.1024,0.9875,1.00
5.446798,-0.0804,-0.1021,0.9870,1.00
5.449982,-0.0799,-0.1024,0.9870,1.00
5.450909,-0.0801,-0.1026,0.9882,1.00
5.465285,-0.0804,-0.1024,0.9890,1.00
5.467748,-0.0796,-0.1033,0.9885,1.00
5.490381,-0.0794,-0.1033,0.9885,1.00
5.492619,-0.0801,-0.1031,0.9894,1.00
5.495544,-0.0796,-0.1026,0.9890,1.00
5.497008,-0.0796,-0.1026,0.9882,1.00
5.500704,-0.0801,-0.1036,0.9887,1.00
5.501453,-0.0804,-0.1036,0.9892,1.00
5.515697,-0.0799,-0.1033,0.9887,1.00
5.520198,-0.0809,-0.1029,0.9877,1.00
5.540896,-0.0799,-0.1014,0.9875,1.00
5.544752,-0.0799,-0.1031,0.9880,1.00
5.545720,-0.0801,-0.1036,0.9885,1.00
5.549003,-0.0801,-0.1029,0.9885,1.00
5.550241,-0.0801,-0.1029,0.9877,1.00
5.552550,-0.0804,-0.1024,0.9877,1.00
5.564889,-0.0806,-0.1021,0.9880,1.00
5.569157,-0.0794,-0.1036,0.9872,1.00
5.589462,-0.0794,-0.1036,0.9870,1.00
5.593852,-0.0801,-0.1031,0.9890,1.00
5.595322,-0.0794,-0.1019,0.9894,1.00
5.598063,-0.0799,-0.1021,0.9887,1.00
5.599357,-0.0796,-0.1038,0.9872,1.00
5.602027,-0.0784,-0.1068,0.9868,1.00
5.603100,-0.0784,-0.1080,0.9872,1.00
5.613621,-0.0789,-0.1092,0.9880,1.00
5.618486,-0.0843,-0.1170,0.9926,1.00
5.619777,-0.0860,-0.1175,0.9929,1.00
5.639229,-0.0850,-0.1192,0.9943,1.01
5.643213,-0.0848,-0.1085,0.9931,1.00
5.644501,-0.0875,-0.1048,0.9919,1.00
5.647485,-0.0904,-0.1009,0.9909,1.00
5.648373,-0.0943,-0.0980,0.9894,1.00
5.651320,-0.0977,-0.0950,0.9885,1.00
5.652487,-0.1009,-0.0931,0.9882,1.00
5.663668,-0.1033,-0.0911,0.9877,1.00
5.668406,-0.1065,-0.0716,0.9789,0.99
5.669496,-0.1058,-0.0708,0.9780,0.99
5.688802,-0.1041,-0.0701,0.9777,0.99
5.714242,-0.0772,-0.0750,0.9701,0.98
5.739411,-0.0584,-0.1121,0.9997,1.01
5.742682,-0.0943,-0.1146,0.9987,1.01
5.746537,-0.1007,-0.1087,0.9982,1.01
5.747924,-0.1021,-0.1065,0.9987,1.01
5.751228,-0.1036,-0.1043,0.9992,1.01
5.752309,-0.1041,-0.1024,0.9980,1.01
5.764552,-0.1036,-0.1002,0.9946,1.00
5.767581,-0.0897,-0.0926,0.9804,0.99
5.789612,-0.0858,-0.0909,0.9797,0.99
5.792489,-0.0713,-0.0914,0.9863,0.99
5.796079,-0.0699,-0.0919,0.9868,0.99
5.797873,-0.0696,-0.0914,0.9872,0.99
5.799967,-0.0691,-0.0914,0.9880,0.99
5.801418,-0.0691,-0.0923,0.9875,0.99
5.815070,-0.0689,-0.0931,0.9865,0.99
5.817509,-0.0762,-0.0960,0.9880,1.00
5.842422,-0.0777,-0.0967,0.9890,1.00
5.845315,-0.0955,-0.0994,0.9894,1.00
5.865882,-0.0963,-0.0982,0.9899,1.00
5.869515,-0.0880,-0.0897,0.9880,1.00
5.890223,-0.0865,-0.0894,0.9872,1.00
5.894338,-0.0845,-0.0826,0.9809,0.99
5.895476,-0.0848,-0.0828,0.9806,0.99
5.898344,-0.0853,-0.0831,0.9797,0.99
5.899570,-0.0867,-0.0833,0.9797,0.99
5.902409,-0.0882,-0.0840,0.9804,0.99
5.913241,-0.0887,-0.0845,0.9802,0.99
5.915278,-0.0960,-0.0858,0.9868,1.00
5.919123,-0.1014,-0.0872,0.9848,0.99
5.932658,-0.1019,-0.0875,0.9853,0.99
5.935675,-0.1007,-0.1002,0.9973,1.01
5.952732,-0.0987,-0.1002,0.9987,1.01
